   6
G1_a        0.000000  27.78095  38.40776  35.88786  39.44659  40.27880
G1_b        27.78095  0.000000  43.09165  41.83458  44.41345  41.47543
G2_a        38.40776  43.09165  0.000000  22.05458  34.19242  32.32350
G2_b        35.88786  41.83458  22.05458  0.000000  33.82660  37.26900
G3_a        39.44659  44.41345  34.19242  33.82660  0.000000  24.81770
G3_b        40.27880  41.47543  32.32350  37.26900  24.81770  0.000000
